2021/04/19-09:50:18.533400 7fb70a5e3d80 RocksDB version: 5.17.2
2021/04/19-09:50:18.533460 7fb70a5e3d80 Git sha rocksdb_build_git_sha:f438b98e552010613cff8684a7d84191ed785148
2021/04/19-09:50:18.533463 7fb70a5e3d80 Compile date Feb 24 2021
2021/04/19-09:50:18.533465 7fb70a5e3d80 DB SUMMARY
2021/04/19-09:50:18.533491 7fb70a5e3d80 CURRENT file:  CURRENT
2021/04/19-09:50:18.533492 7fb70a5e3d80 IDENTITY file:  IDENTITY
2021/04/19-09:50:18.533496 7fb70a5e3d80 MANIFEST file:  MANIFEST-000001 size: 13 Bytes
2021/04/19-09:50:18.533499 7fb70a5e3d80 SST files in /home/forge/.mina-config/genesis/40f61620-3d2e-3557-618b-1f5201d01e03 dir, Total Num: 0, files: 
2021/04/19-09:50:18.533501 7fb70a5e3d80 Write Ahead Log file in /home/forge/.mina-config/genesis/40f61620-3d2e-3557-618b-1f5201d01e03: 000003.log size: 731638 ; 
2021/04/19-09:50:18.533502 7fb70a5e3d80                         Options.error_if_exists: 0
2021/04/19-09:50:18.533504 7fb70a5e3d80                       Options.create_if_missing: 1
2021/04/19-09:50:18.533505 7fb70a5e3d80                         Options.paranoid_checks: 1
2021/04/19-09:50:18.533507 7fb70a5e3d80                                     Options.env: 0x55dc050279e0
2021/04/19-09:50:18.533508 7fb70a5e3d80                                Options.info_log: 0x7fb70337e510
2021/04/19-09:50:18.533509 7fb70a5e3d80                Options.max_file_opening_threads: 16
2021/04/19-09:50:18.533510 7fb70a5e3d80                              Options.statistics: (nil)
2021/04/19-09:50:18.533512 7fb70a5e3d80                               Options.use_fsync: 0
2021/04/19-09:50:18.533513 7fb70a5e3d80                       Options.max_log_file_size: 0
2021/04/19-09:50:18.533515 7fb70a5e3d80                  Options.max_manifest_file_size: 1073741824
2021/04/19-09:50:18.533516 7fb70a5e3d80                   Options.log_file_time_to_roll: 0
2021/04/19-09:50:18.533517 7fb70a5e3d80                       Options.keep_log_file_num: 1000
2021/04/19-09:50:18.533518 7fb70a5e3d80                    Options.recycle_log_file_num: 0
2021/04/19-09:50:18.533520 7fb70a5e3d80                         Options.allow_fallocate: 1
2021/04/19-09:50:18.533521 7fb70a5e3d80                        Options.allow_mmap_reads: 0
2021/04/19-09:50:18.533522 7fb70a5e3d80                       Options.allow_mmap_writes: 0
2021/04/19-09:50:18.533524 7fb70a5e3d80                        Options.use_direct_reads: 0
2021/04/19-09:50:18.533525 7fb70a5e3d80                        Options.use_direct_io_for_flush_and_compaction: 0
2021/04/19-09:50:18.533526 7fb70a5e3d80          Options.create_missing_column_families: 0
2021/04/19-09:50:18.533528 7fb70a5e3d80                              Options.db_log_dir: 
2021/04/19-09:50:18.533529 7fb70a5e3d80                                 Options.wal_dir: /home/forge/.mina-config/genesis/40f61620-3d2e-3557-618b-1f5201d01e03
2021/04/19-09:50:18.533531 7fb70a5e3d80                Options.table_cache_numshardbits: 6
2021/04/19-09:50:18.533532 7fb70a5e3d80                      Options.max_subcompactions: 1
2021/04/19-09:50:18.533533 7fb70a5e3d80                  Options.max_background_flushes: -1
2021/04/19-09:50:18.533534 7fb70a5e3d80                         Options.WAL_ttl_seconds: 0
2021/04/19-09:50:18.533536 7fb70a5e3d80                       Options.WAL_size_limit_MB: 0
2021/04/19-09:50:18.533537 7fb70a5e3d80             Options.manifest_preallocation_size: 4194304
2021/04/19-09:50:18.533539 7fb70a5e3d80                     Options.is_fd_close_on_exec: 1
2021/04/19-09:50:18.533540 7fb70a5e3d80                   Options.advise_random_on_open: 1
2021/04/19-09:50:18.533541 7fb70a5e3d80                    Options.db_write_buffer_size: 0
2021/04/19-09:50:18.533542 7fb70a5e3d80                    Options.write_buffer_manager: 0x7fb7027fc460
2021/04/19-09:50:18.533543 7fb70a5e3d80         Options.access_hint_on_compaction_start: 1
2021/04/19-09:50:18.533544 7fb70a5e3d80  Options.new_table_reader_for_compaction_inputs: 0
2021/04/19-09:50:18.533545 7fb70a5e3d80           Options.random_access_max_buffer_size: 1048576
2021/04/19-09:50:18.533546 7fb70a5e3d80                      Options.use_adaptive_mutex: 0
2021/04/19-09:50:18.533557 7fb70a5e3d80                            Options.rate_limiter: (nil)
2021/04/19-09:50:18.533559 7fb70a5e3d80     Options.sst_file_manager.rate_bytes_per_sec: 0
2021/04/19-09:50:18.533560 7fb70a5e3d80                       Options.wal_recovery_mode: 2
2021/04/19-09:50:18.533561 7fb70a5e3d80                  Options.enable_thread_tracking: 0
2021/04/19-09:50:18.533562 7fb70a5e3d80                  Options.enable_pipelined_write: 0
2021/04/19-09:50:18.533563 7fb70a5e3d80         Options.allow_concurrent_memtable_write: 1
2021/04/19-09:50:18.533564 7fb70a5e3d80      Options.enable_write_thread_adaptive_yield: 1
2021/04/19-09:50:18.533565 7fb70a5e3d80             Options.write_thread_max_yield_usec: 100
2021/04/19-09:50:18.533567 7fb70a5e3d80            Options.write_thread_slow_yield_usec: 3
2021/04/19-09:50:18.533568 7fb70a5e3d80                               Options.row_cache: None
2021/04/19-09:50:18.533569 7fb70a5e3d80                              Options.wal_filter: None
2021/04/19-09:50:18.533570 7fb70a5e3d80             Options.avoid_flush_during_recovery: 0
2021/04/19-09:50:18.533571 7fb70a5e3d80             Options.allow_ingest_behind: 0
2021/04/19-09:50:18.533572 7fb70a5e3d80             Options.preserve_deletes: 0
2021/04/19-09:50:18.533573 7fb70a5e3d80             Options.two_write_queues: 0
2021/04/19-09:50:18.533574 7fb70a5e3d80             Options.manual_wal_flush: 0
2021/04/19-09:50:18.533575 7fb70a5e3d80             Options.max_background_jobs: 2
2021/04/19-09:50:18.533576 7fb70a5e3d80             Options.max_background_compactions: -1
2021/04/19-09:50:18.533577 7fb70a5e3d80             Options.avoid_flush_during_shutdown: 0
2021/04/19-09:50:18.533577 7fb70a5e3d80           Options.writable_file_max_buffer_size: 1048576
2021/04/19-09:50:18.533578 7fb70a5e3d80             Options.delayed_write_rate : 16777216
2021/04/19-09:50:18.533579 7fb70a5e3d80             Options.max_total_wal_size: 0
2021/04/19-09:50:18.533580 7fb70a5e3d80             Options.delete_obsolete_files_period_micros: 21600000000
2021/04/19-09:50:18.533581 7fb70a5e3d80                   Options.stats_dump_period_sec: 600
2021/04/19-09:50:18.533582 7fb70a5e3d80                          Options.max_open_files: -1
2021/04/19-09:50:18.533583 7fb70a5e3d80                          Options.bytes_per_sync: 0
2021/04/19-09:50:18.533583 7fb70a5e3d80                      Options.wal_bytes_per_sync: 0
2021/04/19-09:50:18.533584 7fb70a5e3d80       Options.compaction_readahead_size: 0
2021/04/19-09:50:18.533585 7fb70a5e3d80 Compression algorithms supported:
2021/04/19-09:50:18.533587 7fb70a5e3d80 	kZSTDNotFinalCompression supported: 0
2021/04/19-09:50:18.533588 7fb70a5e3d80 	kZSTD supported: 0
2021/04/19-09:50:18.533589 7fb70a5e3d80 	kXpressCompression supported: 0
2021/04/19-09:50:18.533590 7fb70a5e3d80 	kLZ4HCCompression supported: 0
2021/04/19-09:50:18.533591 7fb70a5e3d80 	kLZ4Compression supported: 0
2021/04/19-09:50:18.533592 7fb70a5e3d80 	kBZip2Compression supported: 1
2021/04/19-09:50:18.533592 7fb70a5e3d80 	kZlibCompression supported: 1
2021/04/19-09:50:18.533593 7fb70a5e3d80 	kSnappyCompression supported: 0
2021/04/19-09:50:18.533595 7fb70a5e3d80 Fast CRC32 supported: Not supported on x86
2021/04/19-09:50:18.533736 7fb70a5e3d80 [db/version_set.cc:3406] Recovering from manifest file: MANIFEST-000001
2021/04/19-09:50:18.533771 7fb70a5e3d80 [db/column_family.cc:475] --------------- Options for column family [default]:
2021/04/19-09:50:18.533773 7fb70a5e3d80               Options.comparator: leveldb.BytewiseComparator
2021/04/19-09:50:18.533774 7fb70a5e3d80           Options.merge_operator: None
2021/04/19-09:50:18.533775 7fb70a5e3d80        Options.compaction_filter: None
2021/04/19-09:50:18.533776 7fb70a5e3d80        Options.compaction_filter_factory: None
2021/04/19-09:50:18.533777 7fb70a5e3d80         Options.memtable_factory: SkipListFactory
2021/04/19-09:50:18.533778 7fb70a5e3d80            Options.table_factory: BlockBasedTable
2021/04/19-09:50:18.533795 7fb70a5e3d80            table_factory options:   flush_block_policy_factory: FlushBlockBySizePolicyFactory (0x7fb7031e80e8)
  cache_index_and_filter_blocks: 0
  cache_index_and_filter_blocks_with_high_priority: 0
  pin_l0_filter_and_index_blocks_in_cache: 0
  pin_top_level_index_and_filter: 1
  index_type: 0
  hash_index_allow_collision: 1
  checksum: 1
  no_block_cache: 0
  block_cache: 0x7fb7031575c0
  block_cache_name: LRUCache
  block_cache_options:
    capacity : 8388608
    num_shard_bits : 4
    strict_capacity_limit : 0
    high_pri_pool_ratio: 0.000
  block_cache_compressed: (nil)
  persistent_cache: (nil)
  block_size: 4096
  block_size_deviation: 10
  block_restart_interval: 16
  index_block_restart_interval: 1
  metadata_block_size: 4096
  partition_filters: 0
  use_delta_encoding: 1
  filter_policy: nullptr
  whole_key_filtering: 1
  verify_compression: 0
  read_amp_bytes_per_bit: 0
  format_version: 2
  enable_index_compression: 1
  block_align: 0
2021/04/19-09:50:18.533802 7fb70a5e3d80        Options.write_buffer_size: 67108864
2021/04/19-09:50:18.533803 7fb70a5e3d80  Options.max_write_buffer_number: 2
2021/04/19-09:50:18.533805 7fb70a5e3d80          Options.compression: NoCompression
2021/04/19-09:50:18.533805 7fb70a5e3d80                  Options.bottommost_compression: Disabled
2021/04/19-09:50:18.533807 7fb70a5e3d80       Options.prefix_extractor: nullptr
2021/04/19-09:50:18.533807 7fb70a5e3d80   Options.memtable_insert_with_hint_prefix_extractor: nullptr
2021/04/19-09:50:18.533808 7fb70a5e3d80             Options.num_levels: 7
2021/04/19-09:50:18.533809 7fb70a5e3d80        Options.min_write_buffer_number_to_merge: 1
2021/04/19-09:50:18.533810 7fb70a5e3d80     Options.max_write_buffer_number_to_maintain: 0
2021/04/19-09:50:18.533811 7fb70a5e3d80            Options.bottommost_compression_opts.window_bits: -14
2021/04/19-09:50:18.533812 7fb70a5e3d80                  Options.bottommost_compression_opts.level: 32767
2021/04/19-09:50:18.533813 7fb70a5e3d80               Options.bottommost_compression_opts.strategy: 0
2021/04/19-09:50:18.533813 7fb70a5e3d80         Options.bottommost_compression_opts.max_dict_bytes: 0
2021/04/19-09:50:18.533814 7fb70a5e3d80         Options.bottommost_compression_opts.zstd_max_train_bytes: 0
2021/04/19-09:50:18.533815 7fb70a5e3d80                  Options.bottommost_compression_opts.enabled: false
2021/04/19-09:50:18.533816 7fb70a5e3d80            Options.compression_opts.window_bits: -14
2021/04/19-09:50:18.533817 7fb70a5e3d80                  Options.compression_opts.level: 32767
2021/04/19-09:50:18.533818 7fb70a5e3d80               Options.compression_opts.strategy: 0
2021/04/19-09:50:18.533819 7fb70a5e3d80         Options.compression_opts.max_dict_bytes: 0
2021/04/19-09:50:18.533820 7fb70a5e3d80         Options.compression_opts.zstd_max_train_bytes: 0
2021/04/19-09:50:18.533821 7fb70a5e3d80                  Options.compression_opts.enabled: false
2021/04/19-09:50:18.533821 7fb70a5e3d80      Options.level0_file_num_compaction_trigger: 4
2021/04/19-09:50:18.533822 7fb70a5e3d80          Options.level0_slowdown_writes_trigger: 20
2021/04/19-09:50:18.533823 7fb70a5e3d80              Options.level0_stop_writes_trigger: 36
2021/04/19-09:50:18.533824 7fb70a5e3d80                   Options.target_file_size_base: 67108864
2021/04/19-09:50:18.533825 7fb70a5e3d80             Options.target_file_size_multiplier: 1
2021/04/19-09:50:18.533826 7fb70a5e3d80                Options.max_bytes_for_level_base: 268435456
2021/04/19-09:50:18.533827 7fb70a5e3d80 Options.level_compaction_dynamic_level_bytes: 0
2021/04/19-09:50:18.533828 7fb70a5e3d80          Options.max_bytes_for_level_multiplier: 10.000000
2021/04/19-09:50:18.533830 7fb70a5e3d80 Options.max_bytes_for_level_multiplier_addtl[0]: 1
2021/04/19-09:50:18.533831 7fb70a5e3d80 Options.max_bytes_for_level_multiplier_addtl[1]: 1
2021/04/19-09:50:18.533832 7fb70a5e3d80 Options.max_bytes_for_level_multiplier_addtl[2]: 1
2021/04/19-09:50:18.533833 7fb70a5e3d80 Options.max_bytes_for_level_multiplier_addtl[3]: 1
2021/04/19-09:50:18.533834 7fb70a5e3d80 Options.max_bytes_for_level_multiplier_addtl[4]: 1
2021/04/19-09:50:18.533835 7fb70a5e3d80 Options.max_bytes_for_level_multiplier_addtl[5]: 1
2021/04/19-09:50:18.533839 7fb70a5e3d80 Options.max_bytes_for_level_multiplier_addtl[6]: 1
2021/04/19-09:50:18.533840 7fb70a5e3d80       Options.max_sequential_skip_in_iterations: 8
2021/04/19-09:50:18.533841 7fb70a5e3d80                    Options.max_compaction_bytes: 1677721600
2021/04/19-09:50:18.533842 7fb70a5e3d80                        Options.arena_block_size: 8388608
2021/04/19-09:50:18.533843 7fb70a5e3d80   Options.soft_pending_compaction_bytes_limit: 68719476736
2021/04/19-09:50:18.533844 7fb70a5e3d80   Options.hard_pending_compaction_bytes_limit: 274877906944
2021/04/19-09:50:18.533844 7fb70a5e3d80       Options.rate_limit_delay_max_milliseconds: 100
2021/04/19-09:50:18.533845 7fb70a5e3d80                Options.disable_auto_compactions: 0
2021/04/19-09:50:18.533847 7fb70a5e3d80                        Options.compaction_style: kCompactionStyleLevel
2021/04/19-09:50:18.533848 7fb70a5e3d80                          Options.compaction_pri: kByCompensatedSize
2021/04/19-09:50:18.533849 7fb70a5e3d80 Options.compaction_options_universal.size_ratio: 1
2021/04/19-09:50:18.533850 7fb70a5e3d80 Options.compaction_options_universal.min_merge_width: 2
2021/04/19-09:50:18.533851 7fb70a5e3d80 Options.compaction_options_universal.max_merge_width: 4294967295
2021/04/19-09:50:18.533852 7fb70a5e3d80 Options.compaction_options_universal.max_size_amplification_percent: 200
2021/04/19-09:50:18.533853 7fb70a5e3d80 Options.compaction_options_universal.compression_size_percent: -1
2021/04/19-09:50:18.533854 7fb70a5e3d80 Options.compaction_options_universal.stop_style: kCompactionStopStyleTotalSize
2021/04/19-09:50:18.533855 7fb70a5e3d80 Options.compaction_options_fifo.max_table_files_size: 1073741824
2021/04/19-09:50:18.533856 7fb70a5e3d80 Options.compaction_options_fifo.allow_compaction: 0
2021/04/19-09:50:18.533857 7fb70a5e3d80 Options.compaction_options_fifo.ttl: 0
2021/04/19-09:50:18.533858 7fb70a5e3d80                   Options.table_properties_collectors: 
2021/04/19-09:50:18.533859 7fb70a5e3d80                   Options.inplace_update_support: 0
2021/04/19-09:50:18.533860 7fb70a5e3d80                 Options.inplace_update_num_locks: 10000
2021/04/19-09:50:18.533861 7fb70a5e3d80               Options.memtable_prefix_bloom_size_ratio: 0.000000
2021/04/19-09:50:18.533862 7fb70a5e3d80   Options.memtable_huge_page_size: 0
2021/04/19-09:50:18.533863 7fb70a5e3d80                           Options.bloom_locality: 0
2021/04/19-09:50:18.533864 7fb70a5e3d80                    Options.max_successive_merges: 0
2021/04/19-09:50:18.533864 7fb70a5e3d80                Options.optimize_filters_for_hits: 0
2021/04/19-09:50:18.533865 7fb70a5e3d80                Options.paranoid_file_checks: 0
2021/04/19-09:50:18.533866 7fb70a5e3d80                Options.force_consistency_checks: 0
2021/04/19-09:50:18.533867 7fb70a5e3d80                Options.report_bg_io_stats: 0
2021/04/19-09:50:18.533868 7fb70a5e3d80                               Options.ttl: 0
2021/04/19-09:50:18.534699 7fb70a5e3d80 [db/version_set.cc:3610] Recovered from manifest file:/home/forge/.mina-config/genesis/40f61620-3d2e-3557-618b-1f5201d01e03/MANIFEST-000001 succeeded,manifest_file_number is 1, next_file_number is 3, last_sequence is 0, log_number is 0,prev_log_number is 0,max_column_family is 0,min_log_number_to_keep is 0
2021/04/19-09:50:18.534705 7fb70a5e3d80 [db/version_set.cc:3618] Column family [default] (ID 0), log number is 0
2021/04/19-09:50:18.534772 7fb70a5e3d80 EVENT_LOG_v1 {"time_micros": 1618825818534755, "job": 1, "event": "recovery_started", "log_files": [3]}
2021/04/19-09:50:18.534775 7fb70a5e3d80 [db/db_impl_open.cc:561] Recovering log #3 mode 2
2021/04/19-09:50:18.551730 7fb70a5e3d80 EVENT_LOG_v1 {"time_micros": 1618825818551718, "cf_name": "default", "job": 1, "event": "table_file_creation", "file_number": 4, "file_size": 763185, "table_properties": {"data_size": 757651, "index_size": 4901, "filter_size": 0, "raw_key_size": 290134, "raw_average_key_size": 34, "raw_value_size": 481568, "raw_average_value_size": 57, "num_data_blocks": 188, "num_entries": 8394, "filter_policy_name": "", "kDeletedKeys": "0", "kMergeOperands": "0"}}
2021/04/19-09:50:18.551821 7fb70a5e3d80 [db/version_set.cc:2936] Creating manifest 5
2021/04/19-09:50:18.554330 7fb70a5e3d80 EVENT_LOG_v1 {"time_micros": 1618825818554328, "job": 1, "event": "recovery_finished"}
2021/04/19-09:50:18.557188 7fb70a5e3d80 [db/db_impl_open.cc:1287] DB pointer 0x7fb703389000
